((("$month_list" .
   [0 0 0 0 1 0 0 0 0 0 0])
  ("$formVars" .
   [0 0 0 0 0 0 0 1 0])
  ("load-theme" .
   [0 0 0 0 0 0 0 0 1 0])
  ("format" .
   [1 0 0 0 0 0])
  ("$ym" .
   [2 0 0])
  ("$ymArr" .
   [1 0 0 0 0 0])
  ("DateTime" .
   [3 0 0 0 0 1 0 0])
  ("debug" .
   [1 0 0 0 0])
  ("json_decode" .
   [0 0 0 0 0 1 0 0 0 0 0])
  ("var_dump" .
   [0 0 0 0 0 1 2 0])
  ("$dateA" .
   [1 0 0 0 0 0])
  ("$addMonth" .
   [4 0 0 0 0 0 0 0 0])
  ("$argv" .
   [2 0 0 0 0])
  ("str_pad" .
   [0 0 0 0 0 0 1])
  ("$month" .
   [1 0 0 0 0 0])
  ("$year" .
   [2 0 0 0 0])
  ("$monthStr" .
   [1 0 0 0 0 0 0 0 0])
  ("$day" .
   [1 0 0 0])
  ("$now" .
   [1 0 0 0])
  ("$limit" .
   [3 0 0 0 0 0])
  ("$date" .
   [3 0 0 0 0])
  ("$diff" .
   [1 0 0 0 0])
  ("months" .
   [1 0 0 0 0 0])
  ("phpinfo" .
   [0 0 0 4 0 0 0])
  ("global-set-key" .
   [0 0 0 0 0 0 0 0 0 0 0 1 0 0])
  ("neotree-toggle" .
   [1 0 0 0 0 0 0 0 0 0 0 0 0 0])
  ("$this" .
   [2 0 0 0 0])
  ("_owner" .
   [2 0 0 0 0 0])
  ("null" .
   [2 0 0 0])
  ("$dateTime" .
   [1 0 0 0 0 0 1 0 0])
  ("$str" .
   [2 0 0 0])
  ("int" .
   [1 0 0])
  ("$empty" .
   [1 0 0 0 0 0])
  ("$str2" .
   [0 0 0 0 1])
  ("$empty2" .
   [0 0 0 1 0 0 0])))
